$ 1 0.000005 10.20027730826997 50 5 43 5e-11
R -96 -32 -256 -32 0 2 40 5 0 0 0.5
R -80 448 -240 448 0 1 400 1 0 0 0.5
a 688 304 832 304 9 10 -10 1000000 0.000028791887473550387 0 100000
a 976 288 1088 288 9 10 -10 1000000 -0.00002880968889639587 0 100000
207 48 448 128 448 5 Mix
207 688 320 624 320 5 Mix
r 832 304 976 304 0 47000
r 1088 288 1248 288 0 1000
w 1088 368 1088 288 0
w 976 304 976 368 0
g 976 272 976 240 0 0
g 688 288 688 256 0 0
174 976 368 1072 384 1 100000 0.47030000000000005 Gain
w 832 304 832 416 0
w 688 320 688 416 0
w 688 416 704 416 0
O 1248 288 1328 288 0 0
r -80 448 0 448 0 100000
174 -48 -96 -96 16 1 100000 0.9950000000000001 Input
r -48 160 48 160 0 1000
r -48 32 48 32 0 1000
174 48 32 112 144 1 10000 0.9950000000000001 pan
w -48 32 -48 160 0
174 160 -144 288 -96 1 10000 0.9950000000000001 send
w 48 32 160 32 0
207 320 32 400 32 5 Mix
w 160 32 224 32 0
w 48 160 144 160 0
O 240 160 304 160 0 0
g 112 96 160 96 0 0
O 1296 -80 1360 -80 0 0
r 224 32 320 32 0 100000
g -48 -96 -96 -96 0 0
r 704 416 832 416 0 100000
w 1024 384 1024 416 0
w 1024 416 1088 416 0
w 1088 416 1088 368 0
r 144 160 240 160 0 100000
w 224 32 224 -16 0
g 160 -144 160 -112 0 0
r 224 -16 224 -96 0 47000
w 1136 48 1136 0 0
w 1072 48 1136 48 0
w 1072 16 1072 48 0
r 752 48 880 48 0 100000
w 736 48 752 48 0
w 736 -48 736 48 0
w 880 -64 880 48 0
174 1024 0 1120 16 1 100000 0.5 PGain
g 736 -80 736 -112 0 0
g 1024 -96 1024 -128 0 0
w 1024 -64 1024 0 0
w 1136 0 1136 -80 0
r 1136 -80 1296 -80 0 1000
r 880 -64 1024 -64 0 47000
207 736 -48 672 -48 5 Send
a 1024 -80 1136 -80 9 10 -10 1000000 -0.00006476656423006292 0 100000
a 736 -64 880 -64 9 10 -10 1000000 0.00006088182684760522 0 100000
207 288 -144 352 -144 5 Send
o 16 64 0 x283212 9.99999748392274 0.0001 0 2 2 5 0 30 0 9.99999748392274 0
